0.25252158819085624
0.22479757233497155
0.21423673869755225
0.2018634676871209
0.18803147544848317
0.17523276156985054
0.16512535855998955
0.1567034087471992
0.1503165138602737
0.14519450405752715
0.1405989861623954
0.1374584529654741
0.13465495718649442
0.13232666619366967
0.13025759905750417
0.12872823113810858
0.1271996912075763
0.12546924452869979
0.1249804365971039
0.12417990319075768
0.123330172611248
0.12257894401318126
0.12156460276152452
0.12164482652046851
0.12075646986181071
0.12041128324480159
0.12016315820944953
0.11970848849794326
0.11940208021721117
0.11903382306752858
0.11864814557083174
0.11831664544021255
0.11793797320120131
0.11769829352350006
0.11767457653020567
0.11703859932467996
0.11736695194082068
0.11692225697998883
0.11685009502972768
0.1157910852465197
0.11683845431250543
0.11618450435074193
0.11619160636974271
0.11594991385773815
0.11591921414117758
0.11553316982589935
0.11562273791981714
0.11533457746524665
0.11484747514619716
0.11504898224130636
0.1148184407478409
0.11489802877508205
0.11475001440289415
0.11424059904961396
0.11396273889341783
0.11382424215238005
0.11354090535087132
0.11360666826537875
0.11365837548196911
0.11297446027065644
0.11305834382183996
0.11267950271298674
0.1124746209957326
0.11272671841659491
0.11192947309304556
0.11196712150653972
0.11132144044633521
0.11170731330351288
0.11122861494502295
0.11137753766091273
0.10977587247771006
0.11030191019003611
0.10981220085920114
0.10994820489587381
0.10956176982588545
0.109327581710032
0.1092097593852794
0.10890255762098694
0.10854669079653319
0.10873179586457336
0.10810025366839966
0.10810432255797489
0.10717767205563687
0.10714773062766082
0.1076590250158276
0.10661926653608086
0.10706387053129202
0.10643603144872703
0.1070085497899192
0.10594301763994242
0.1052762033168531
0.10638758527066468
0.10615848036766565
0.10477317132091168
0.10560710895182497
0.10445138045737028
0.10498402038469333
0.10474607801666466
0.10416213237535989
0.10383360768758676
0.10353201087123777
0.10518326760641188
0.10391304207560516
0.10403659002203208
0.10300461104277867
0.10361204984925625
0.10383632999547024
0.10405274468817642
0.10329412709919401
0.10420417630217228
0.10300812791338557
0.10313906070118031
0.10346690242963937
0.10302363704331853
0.10343276181373012
0.10158216749063084
0.10088314750830989
0.10308599935678654
0.10083264901974616
0.10117888220777568
0.10191938281715009
0.1013723931294137
0.09876686368256288
0.10308711601626813
0.1001835300614078
0.10064652878200928
0.10194118398957669
0.10039199846660593
0.09910050646302317
0.10206234786642057
0.10017209041770174
0.10188900292871171
0.10203644799118387
0.10115440117449113
0.10142992200297195
0.10056451750950075
0.10074723330912387
0.10167515173156079
0.0996509512294491
0.10145516464826088
0.09860052229705057
0.09841418155024885
0.09846420649835495
0.09940062979268313
0.09942325474711085
0.09983118352450898
0.10066681651445658
0.0998339144893871
0.10020743187842245
0.09857650061642034
0.0977565766527037
0.10027520021920822
0.09808825960469487
0.09957030948512373
0.09740613815654273
0.0988581540466696
0.09999698312650686
0.09952130270814662
0.09874540992768727
0.09736986370156078
0.09810490264210815
0.09975014411697547
0.09849418112971128
0.09874628137708635
0.09967392000664947
0.09794120112476076
0.09825925401124133
0.09805451289142919
0.09871190646132973
0.0990284140495385
0.095225825403575
0.09719556416462255
0.09848233314835977
0.0952545145669334
0.09526194410537435
0.09684180079406829
0.09703108518507601
0.09699283255425288
0.09715895978115122
0.09754858542441253
0.09784935758091812
0.0955528429426434
0.09843063793690913
0.0969544678462484
0.09709719858235388
0.09874781285312458
0.09793454606663178
0.09757415843831163
0.09881405316661458
0.09792773098913356
0.09547449049392753
0.0978481947108352
0.09762139570941232
0.09776072721335145
0.09730051222695121
0.09584864510063534
0.09352523009411076
0.09573651136877491
0.09576036761109215
0.09501211589498407
0.0963465799518122
0.09675145579236813
0.09497276356171662
0.09414013458046613
0.09573180511716095
0.09688258551881038
0.09490836925125459
0.09756841725244866
0.09622280748668481
0.09605615020311471
0.09652735018777543
0.09626549630393223
0.09751580174507943
0.09700322302741332
0.09448657764555467
0.09535472636360284
0.09634161043895108
0.0959613933777788
0.09352578179705903
0.09614510768502618
0.09346100900460527
0.095930360251111
0.09566941935731582
0.09438549540609627
0.09566821337625292
0.09533093315520533
0.09680150700737061
0.0962924167811803
0.09812601832457828
0.09636055555637706
0.09469673632601397
0.09234531045929466
0.09639786337110033
0.09424431318150765
0.09502016924330549
0.09512407154491552
0.09686851666431712
0.09495671689760433
0.09394417168991707
0.09383708432080737
0.09426465368214586
0.09418689034478465
0.09487220762539024
0.09418854740783107
0.09567921146564165
0.09400599861453547
0.09354122075907331
0.09560173477169909
0.09623690196317554
0.09441355838025775
0.09402478620725589
0.09701189234760514
0.09498916745068506
0.09382242658049054
0.0972957178257349
0.0939976085763433
0.09496746471216458
0.09328079230129592
0.09407875935199107
0.09376071528417201
0.0937922700799735
0.09666087673313271
0.0947915495718014
0.09765974143486018
0.09400166886347479
0.09449262764643909
0.0936817974806022
0.09190426671211747
0.09432106259659102
0.09281774271636589
0.09454638600554141
0.09360005152564883
0.09462058093474275
0.09504226639628469
0.09429737367917924
0.09480222030669112
0.09446314774192592
0.092736101705335
0.09334526076716818
0.09376412267954796
0.09369401557532092
0.09455489615805195
0.09322385349469625
0.09213201743741482
0.09093362203302316
0.09309081952335393
0.09353638457325866
0.08975623228372283
0.09077423233040814
0.09153334872773027
0.0949714825380355
0.09565538208970746
0.09298700148809992
0.09229984067556121
0.09130319576703116
0.09497875521727232
0.09571220715178397
0.09451919247147887
0.09514877499329658
0.09445289425391068
0.09314728398485096
0.09228926649914714
0.0940331417763775
0.09310415991721664
0.09273675896307518
0.09207390847518845
0.0925820850609645
0.0943511511680841
0.09463201366939848
0.09286550524051747
0.09165842097954101
0.0942086888736748
0.09170105656301346
0.09201345753939445
0.09281394335278813
0.09190439466252755
0.09493778490315151
0.09325151235894474
0.09617826121520398
0.09358840235434752
0.09241517229644058
0.09534961489621677
0.09261531861896159
0.0921941068170593
0.09466087669304372
0.09315764621951086
0.09410445447122341
0.0919051415411756
0.09426203214635555
0.09374696136827627
0.09271523102204735
0.09450168162833522
0.09134111875300158
0.09067677764158012
0.09432022379691025
0.0944270994938202
0.09301379773660594
0.09290681474872979
0.0925982821278934
0.09357063836700223
0.08726635765161711
0.09276756257184779
0.09374473742899002
0.09327396415473446
0.09361258597637429
0.09691723186412407
0.0929580399224943
0.09438476609573754
0.09353606922590169
0.09357368125103432
0.09412103812939589
0.09346722562032546
0.09082117053277307
0.09327724513818034
0.08939363664534809
0.0921824109116741
0.09155146384399453
0.09389100023542592
0.0891361936694158
0.09073944622826927
0.09316533236427786
0.09272261553844612
0.091884836835245
0.0953254549203568
0.09214183973114477
0.09215320818599619
0.09345709213429539
0.09223082239491086
0.08901594007445186
0.09007574292716801
0.09166982324083392
0.0912960913585635
0.09138190373705954
0.09296829611265081
0.09172290354814029
0.09224563579090031
0.09290501214160382
0.09134673200543197
0.09333292975058567
0.09275083580858474
0.09071624386109646
0.09208076338065946
0.09621170933011625
0.09176068884680343
0.09165882009031441
0.09184386848194774
0.09375990251740793
0.09388081558811906
0.08988156229134713
0.09250285316695034
0.0943515030794711
0.09168523521133107
0.09134736902042633
0.09190025033994337
0.09416815609466593
0.09163327230592895
0.0928857671549371
0.09192684218383254
0.09211564617502789
0.09112882195193027
0.09119801961060423
0.09208372504577064
0.09279630402027668
0.09357100142244754
0.09324977968728185
0.09222187886071863
0.0927191427846516
0.09320110909050995
0.09503777178299276
0.09242345312423549
0.0932364741009126
0.09055600228368071
0.0916460777578716
0.09242364267953927
0.09082255239138723
0.09167836635550874
0.09159185352425174
0.0923596633947462
0.0899246282863979
0.09187565202723108
0.08901060423412861
0.09156630317226676
0.09156023847200244
0.09307851320625929
0.09302971783343468
0.09383245546256268
0.09381902181041442
0.09005212851566348
0.09054866426100937
0.09438105902093248
0.09123751004694089
0.09270811800095384
0.08941166523728222
0.0962820314626853
0.09193115483489912
0.09222372937617908
0.09150040346745206
0.09052595228147618
0.09221641205078113
0.09141284766240602
0.09070262146800984
0.09337752096347905
0.09089429643689108
0.0921771061717905
0.092651828157185
0.08899905410829424
0.09395004953549306
0.08957440122817764
0.0901690507103216
0.09104123719436634
0.08977636041380617
0.09331322142365414
0.0923604768679308
0.09088907289680503
0.09003433605922193
0.0924094969284492
0.0939078705636138
0.08972673741170108
0.0931759524842001
0.09180703951480657
0.09320412950059082
0.09197179456300009
0.09299009528346874
0.09012490274825218
0.09016779205457799
0.09154600107465356
0.09216517977164713
0.09224463046992629
0.09249333364915995
0.09119225887715879
0.08906692502767277
0.0896159470426273
0.0905668100893781
0.09273325938507597
0.09240686769335191
0.09039723867100667
0.09004592014370709
0.09121352320403696
0.09264450071291765
0.09196417638744783
0.09140992346013022
0.09184063308373673
0.09210738960962603
0.09084466517439892
0.08977479341471277
0.09416916531356875
0.09076549068245492
0.09155618995894138
0.09009250123083985
0.08974072522169316
0.09153246935446982
0.09286966070129274
0.09165862753839252
0.0923755986304243
0.09195598660421239
0.0895273858356049
0.08976078660804114
0.0920397175409699
0.09190753351538207
0.09419061482574569
